8
0    2451 713  1018 1631 1374 2408  213
2451 0    1745 1524 831  1240 959   2596
713  1745 0    355  920  803  1737  851
1018 1524 355  0    700  862  1395  1123
1631 831  920  700  0    663  1021  1769
1374 1240 803  862  663  0    1681  1551
2408 959  1737 1395 1021 1681 0     2493
213  2596 851  1123 1769 1551 2493  0
6641
